1501232308.748332
1501232308.832670
1501232308.906465
1501232308.986063
1501232309.740740
1501232309.166877
1501232309.259203
1501232309.351119
1501232309.440702
1501232309.529871
1501232309.622674
1501232309.714955
1501232309.807039
1501232309.898781
1501232309.988568
1501232310.783760
1501232310.170984
1501232310.262290
1501232310.354594
1501232310.447011
1501232310.534671
1501232310.622199
1501232310.714267
1501232310.806512
1501232310.899223
1501232310.991183
1501232311.830850
1501232311.174460
1501232311.266427
1501232311.358886
1501232311.451090
1501232311.540534
1501232311.630310
1501232311.720503
1501232311.810966
1501232311.898416
1501232311.986795
1501232312.744669
1501232312.167143
1501232312.258734
1501232312.350610
1501232312.440155
1501232312.527080
1501232312.614497
1501232312.706854
1501232312.799343
1501232312.887197
1501232312.977047
1501232313.705950
1501232313.163043
1501232313.255217
1501232313.346668
1501232313.434385
1501232313.525134
1501232313.613020
1501232313.702384
1501232313.790838
1501232313.877082
1501232313.962833
1501232314.545489
1501232314.144423
1501232314.232708
1501232314.318917
1501232314.406943
1501232314.494448
1501232314.584862
1501232314.674426
1501232314.762849
1501232314.850691
1501232314.938519
1501232315.262920
1501232315.116400
1501232315.206603
1501232315.294630
1501232315.382303
1501232315.467792
1501232315.559138
1501232315.651210
1501232315.740791
1501232315.830910
1501232315.920383
1501232316.108098
1501232316.987930
1501232316.186355
1501232316.277069
1501232316.366935
1501232316.458534
1501232316.547022
1501232316.635108
1501232316.724531
1501232316.814532
1501232316.902431
1501232316.990888
1501232317.804870
1501232317.170748
1501232317.258085
1501232317.346848
1501232317.433042
1501232317.520325
1501232317.610625
1501232317.702594
1501232317.792532
1501232317.881114
1501232317.970788
1501232318.590000
1501232318.146469
1501232318.236562
1501232318.324927
1501232318.410770
1501232318.498231
1501232318.584384
1501232318.672717
1501232318.758867
1501232318.846899
1501232318.936470
1501232319.251359
1501232319.114586
1501232319.203001
1501232319.292572
1501232319.380810
1501232319.467096
1501232319.554460
1501232319.644845
1501232319.734457
1501232319.822962
1501232319.910500
1501232319.998239
1501232320.885140
1501232320.176995
1501232320.262787
1501232320.350707
1501232320.438579
1501232320.524499
1501232320.614420
1501232320.707144
1501232320.798501
1501232320.888753
1501232320.976742
1501232321.626459
1501232321.150662
1501232321.238775
1501232321.326086
1501232321.418435
1501232321.506500
1501232321.592879
1501232321.680110
1501232321.770423
1501232321.859036
1501232321.946366
1501232322.349719
1501232322.123009
1501232322.211071
1501232322.303050
1501232322.392359
1501232322.480998
1501232322.570440
1501232322.658041
1501232322.744579
1501232322.830441
1501232322.918941
1501232323.685596
1501232323.950789
1501232323.182750
1501232323.270453
1501232323.358217
1501232323.446358
1501232323.532610
1501232323.620213
1501232323.706913
1501232323.793162
1501232323.880295
1501232323.966630
1501232324.546019
1501232324.142185
1501232324.226630
1501232324.313899
1501232324.402909
1501232324.490138
1501232324.576427
1501232324.666918
1501232324.754570
1501232324.842130
1501232324.930629
1501232325.148320
1501232325.101824
1501232325.188348
1501232325.274584
1501232325.362224
1501232325.449987
1501232325.536747
1501232325.624401
1501232325.714833
1501232325.802335
1501232325.888331
1501232325.976123
1501232326.626840
1501232326.150338
1501232326.236529
1501232326.324805
1501232326.414071
1501232326.502758
1501232326.590945
1501232326.680687
1501232326.770287
1501232326.858920
1501232326.946397
1501232327.348091
1501232327.122966
1501232327.210526
1501232327.302742
1501232327.392541
1501232327.480295
1501232327.566003
1501232327.654673
1501232327.742619
1501232327.830913
1501232327.920357
1501232328.102920
1501232328.983641
1501232328.186228
1501232328.275703
1501232328.366547
1501232328.454601
1501232328.543062
1501232328.632716
1501232328.723031
1501232328.814501
1501232328.903131
1501232328.990104
1501232329.805881
1501232329.170531
1501232329.258229
1501232329.346522
1501232329.436254
1501232329.526330
1501232329.614787
1501232329.702241
1501232329.792366
1501232329.880424
1501232329.970572
1501232330.591371
1501232330.146867
1501232330.234144
1501232330.324791
1501232330.414580
1501232330.503009
1501232330.590931
1501232330.680696
1501232330.771030
1501232330.862484
1501232330.950895
1501232331.385310
1501232331.128318
1501232331.218178
1501232331.306272
1501232331.392693
1501232331.478737
1501232331.564863
1501232331.654216
1501232331.742281
1501232331.830241
1501232331.920197
1501232332.106968
1501232332.981459
1501232332.184186
1501232332.270740
1501232332.357230
1501232332.446321
1501232332.532613
1501232332.620270
1501232332.710524
1501232332.798115
1501232332.885052
1501232332.972784
1501232333.589570
1501232333.144359
1501232333.230421
1501232333.318418
1501232333.406759
1501232333.492999
1501232333.580646
1501232333.670794
1501232333.758200
1501232333.846493
1501232333.934566
1501232334.210518
1501232334.110133
1501232334.198492
1501232334.286798
1501232334.374561
1501232334.466569
1501232334.558471
1501232334.646482
1501232334.732683
1501232334.820638
1501232334.911062
1501232334.998245
1501232335.847189
1501232335.172897
1501232335.259298
1501232335.346752
1501232335.435201
1501232335.528301
1501232335.619256
1501232335.706883
1501232335.791419
1501232335.876456
1501232335.962991
1501232336.512750
1501232336.138884
1501232336.227232
1501232336.314853
1501232336.398576
1501232336.486979
1501232336.574973
1501232336.663188
1501232336.750293
1501232336.836675
1501232336.922393
1501232337.107688
1501232337.983340
1501232337.184185
1501232337.272272
1501232337.358952
1501232337.450808
1501232337.538845
1501232337.626869
1501232337.714915
1501232337.806513
1501232337.894625
1501232337.982358
1501232338.704391
1501232338.158658
1501232338.246284
1501232338.331180
1501232338.419023
1501232338.507308
1501232338.594389
1501232338.682990
1501232338.771106
1501232338.859175
1501232338.946861
1501232339.328459
1501232339.120474
1501232339.206701
1501232339.295079
1501232339.382316
1501232339.470952
1501232339.563014
1501232339.650609
1501232339.738898
1501232339.827354
1501232339.914618
1501232340.298404
1501232340.901210
1501232340.176803
1501232340.266911
1501232340.355236
1501232340.442783
1501232340.532675
1501232340.622989
1501232340.714436
1501232340.806520
1501232340.894442
1501232340.982367
1501232341.722351
1501232341.162482
1501232341.250403
1501232341.336689
1501232341.425038
1501232341.510763
1501232341.602386
1501232341.692977
1501232341.782931
1501232341.872117
1501232341.958610
1501232342.504279
1501232342.141000
1501232342.230608
1501232342.318836
1501232342.407005
1501232342.499053
1501232342.588248
1501232342.676647
1501232342.766987
1501232342.854804
1501232342.943284
1501232343.324919
1501232343.122328
1501232343.210418
1501232343.298233
1501232343.388751
1501232343.478838
1501232343.566560
1501232343.654805
1501232343.742247
1501232343.832412
1501232343.920233
1501232344.634098
1501232344.988481
1501232344.188687
1501232344.278423
1501232344.366758
1501232344.455077
1501232344.544351
1501232344.633033
1501232344.718992
1501232344.806307
1501232344.892951
1501232344.980632
1501232345.706779
1501232345.158934
1501232345.246874
1501232345.336199
1501232345.425163
1501232345.514753
1501232345.602262
1501232345.690853
1501232345.776818
1501232345.866707
1501232345.954189
1501232346.401749
1501232346.128437
1501232346.218270
1501232346.306200
1501232346.392739
1501232346.480108
1501232346.566183
1501232346.659168
1501232346.751077
1501232346.840416
1501232346.928729
1501232347.149650
1501232347.102771
1501232347.190211
1501232347.274941
1501232347.362442
1501232347.450943
1501232347.538434
1501232347.626434
1501232347.714451
1501232347.802680
1501232347.890861
1501232347.978550
1501232348.709729
1501232348.162659
1501232348.250547
1501232348.337070
1501232348.424118
1501232348.514832
1501232348.602849
1501232348.688380
1501232348.776315
1501232348.867197
1501232348.954864
1501232349.428700
1501232349.132494
1501232349.220061
1501232349.306745
1501232349.394711
1501232349.480881
1501232349.570497
1501232349.657963
1501232349.744374
1501232349.832962
1501232349.918634
1501232350.108900
1501232350.103040
1501232350.192770
1501232350.282938
1501232350.370517
1501232350.458950
1501232350.546152
1501232350.634283
1501232350.718317
1501232350.806704
1501232350.892982
1501232350.978626
1501232351.659780
1501232351.154083
1501232351.243002
1501232351.328273
1501232351.414035
1501232351.502015
1501232351.588608
1501232351.828421
1501232351.918600
1501232352.684690
1501232352.940699
1501232352.178843
1501232352.266561
1501232352.354206
1501232352.438173
1501232352.524655
1501232352.610788
1501232352.698431
1501232352.784809
1501232352.870184
1501232352.954148
1501232353.419020
1501232353.128087
1501232353.214806
1501232353.302484
1501232353.388793
1501232353.476615
1501232353.562144
1501232353.650269
1501232353.736406
1501232353.820503
1501232353.910810
1501232353.998543
1501232354.843141
1501232354.172393
1501232354.258156
1501232354.346730
1501232354.434377
1501232354.520735
1501232354.609935
1501232354.698663
1501232354.784390
1501232354.872102
1501232354.958157
1501232355.506680
1501232355.140588
1501232355.226681
1501232355.318295
1501232355.410384
1501232355.503056
1501232355.594495
1501232355.682600
1501232355.770626
1501232355.858692
1501232355.946732
1501232356.341229
1501232356.124933
1501232356.214734
1501232356.306566
1501232356.394877
1501232356.482299
1501232356.572669
1501232356.663104
1501232356.754762
1501232356.844646
1501232356.932698
1501232357.187909
1501232357.107203
1501232357.198398
1501232357.288788
1501232357.379255
1501232357.467082
1501232357.554476
1501232357.644853
1501232357.734721
1501232357.822875
1501232357.914716
1501232358.342798
1501232358.928640
1501232358.182790
1501232358.270487
1501232358.358550
1501232358.450294
1501232358.540262
1501232358.628793
1501232358.718624
1501232358.807024
1501232358.895157
1501232358.984359
1501232359.728769
1501232359.158863
1501232359.246428
1501232359.332583
1501232359.420192
1501232359.506350
1501232359.594062
1501232359.680663
1501232359.766556
1501232359.854357
1501232359.940462
1501232360.266609
1501232360.114274
1501232360.202513
1501232360.288845
1501232360.374449
1501232360.462469
1501232360.550806
1501232360.640527
1501232360.724348
1501232360.814685
1501232360.906681
1501232360.998801
1501232361.891089
1501232361.179331
1501232361.271231
1501232361.363115
1501232361.455157
1501232361.542779
1501232361.630300
1501232361.718945
1501232361.806891
1501232361.892674
1501232361.982491
1501232362.703198
1501232362.154445
1501232362.242805
1501232362.328285
1501232362.414525
1501232362.498648
1501232362.586615
1501232362.672815
1501232362.759036
1501232362.846312
1501232362.932986
1501232363.206229
1501232363.106844
1501232363.194545
1501232363.282958
1501232363.371207
1501232363.458731
1501232363.547149
1501232363.632497
1501232363.720336
1501232363.806376
1501232363.894444
1501232363.982691
1501232364.706501
1501232364.158348
1501232364.246928
1501232364.334532
1501232364.422386
1501232364.510157
1501232364.599030
1501232364.684325
1501232364.772768
1501232364.858712
1501232364.946974
1501232365.344400
1501232365.120604
1501232365.206814
1501232365.292777
1501232365.380667
1501232365.470551
1501232365.558904
1501232365.655226
1501232365.742821
1501232365.828680
1501232365.918945
1501232366.676703
1501232366.951449
1501232366.182847
1501232366.270570
1501232366.359234
1501232366.450622
1501232366.538914
1501232366.626879
1501232366.714804
1501232366.806689
1501232366.899265
1501232366.990381
1501232367.811359
1501232367.172147
1501232367.263276
1501232367.354880
1501232367.445008
1501232367.535167
1501232367.624330
1501232367.714947
1501232367.803000
1501232367.891057
1501232367.982506
1501232368.731360
1501232368.166709
1501232368.259182
1501232368.350632
1501232368.440624
1501232368.530391
1501232368.618382
1501232368.706836
1501232368.792767
1501232368.880443
1501232368.966455
1501232369.548999
1501232369.146379
1501232369.236347
1501232369.324651
1501232369.414813
1501232369.503104
1501232369.590378
1501232369.681098
1501232369.770925
1501232369.862709
1501232369.950601
1501232370.387101
1501232370.128845
1501232370.219084
1501232370.311266
1501232370.403105
1501232370.492851
1501232370.578872
1501232370.672997
1501232370.762715
1501232370.850663
1501232370.938937
1501232371.284919
1501232371.118792
1501232371.206919
1501232371.294536
1501232371.385541
1501232371.476367
1501232371.566719
1501232371.654964
1501232371.742434
1501232371.831017
1501232371.920953
1501232372.106580
1501232372.983769
1501232372.187026
1501232372.276462
1501232372.367202
1501232372.459309
1501232372.551146
1501232372.642502
1501232372.732564
1501232372.822720
1501232372.914638
1501232373.262093
1501232373.905439
1501232373.180598
1501232373.270279
1501232373.359205
1501232373.446938
1501232373.536817
1501232373.626983
1501232373.718708
1501232373.806283
1501232373.894216
1501232373.984999
1501232374.749940
1501232374.162734
1501232374.250328
1501232374.340765
1501232374.428657
1501232374.519047
1501232374.611239
1501232374.702299
1501232374.793276
1501232374.882343
1501232374.970340
1501232375.623090
1501232375.153985
1501232375.242604
1501232375.332382
1501232375.420743
1501232375.506632
1501232375.594460
1501232375.682554
1501232375.772486
1501232375.862968
1501232375.955219
1501232376.463390
1501232376.136797
1501232376.227219
1501232376.318783
1501232376.406307
1501232376.492669
1501232376.582264
1501232376.671123
1501232376.758878
1501232376.850547
1501232376.940164
1501232377.288379
1501232377.115097
1501232377.202145
1501232377.292097
1501232377.380449
1501232377.470567
1501232377.558070
1501232377.646677
1501232377.734798
1501232377.822623
1501232377.910290
1501232378.291109
1501232378.925800
1501232378.180346
1501232378.267082
1501232378.354944
1501232378.446764
1501232378.537101
1501232378.626033
1501232378.714986
1501232378.803141
1501232378.888551
1501232378.976727
1501232379.628650
1501232379.151068
1501232379.242249
1501232379.332577
1501232379.422544
1501232379.511118
1501232379.598933
1501232379.686476
1501232379.772320
1501232379.858375
1501232379.943042
1501232380.306749
1501232380.119153
1501232380.207212
1501232380.299371
1501232380.391309
1501232380.483088
1501232380.574883
1501232380.666821
1501232380.755136
1501232380.847116
1501232380.937063
1501232381.271849
1501232381.114434
1501232381.203239
1501232381.292449
1501232381.382734
1501232381.470863
1501232381.559026
